1 , 222402808.84999958	
10 , 271617713.88999945	
11 , 193962786.8000002	
12 , 144287230.15	
13 , 286517703.8000006	
14 , 288999911.3399989	
15 , 89133683.91999997	
16 , 74252425.39999981	
17 , 127782138.8300001	
18 , 155114734.20999947	
19 , 206634862.09999952	
2 , 275382440.9799999	
20 , 301397792.45999956	
21 , 108117878.91999958	
22 , 147075648.57	
23 , 198750617.8499988	
24 , 194016021.2800001	
25 , 101061179.1699997	
26 , 143416393.79000014	
27 , 253855916.87999967	
28 , 189263680.57999992	
29 , 77141554.30999967	
3 , 57586735.06999997	
30 , 62716885.120000124	
31 , 199613905.49999934	
32 , 166819246.1599998	
33 , 37160221.96000001	
34 , 138249763.0	
35 , 131520672.07999985	
36 , 53412214.96999984	
37 , 74202740.3199999	
38 , 55159626.42	
39 , 207445542.46999943	
4 , 299543953.37999976	
40 , 137870309.78999928	
41 , 181341934.89000025	
42 , 79565752.4300002	
43 , 90565435.40999967	
44 , 43293087.83999998	
45 , 112395341.41999955	
5 , 45475688.90000008	
6 , 223756130.6399992	
7 , 81598275.14000024	
8 , 129951181.12999931	
9 , 77789218.98999994	
